(1691,1850) (1664,1740)(1779,595) (1773,657)(346.866,91.9259) (354.623,85.7285)
(1691,1850) (1664,1740)(1779,740) (1764,825)(346.866,91.9259) (350.38,60.6511)
(1691,1850) (1664,1740)(1747,877) (1700,1040)(346.866,91.9259) (347.005,14.3598)
(1691,1850) (1664,1740)(1678,1068) (1641,1138)(346.866,91.9259) (28.8866,32.2316)
(1691,1850) (1664,1740)(1556,1229) (1504,1266)(346.866,91.9259) (53.9726,39.9874)
(1691,1850) (1664,1740)(1331,1527) (1362,1463)(346.866,91.9259) (26.0124,138.808)
(1691,1850) (1664,1740)(1362,1463) (1399,1413)(346.866,91.9259) (36.4164,74.8698)
(1691,1850) (1664,1740)(1640,1140) (1677,1070)(346.866,91.9259) (28.8866,32.1811)
(1691,1850) (1664,1740)(1700,1041) (1784,700)(346.866,91.9259) (346.608,22.2555)
(1691,1850) (1664,1740)(1773,662) (1779,594)(346.866,91.9259) (354.92,91.058)
(1691,1850) (1664,1740)(1805,453) (1864,482)(346.866,91.9259) (63.9018,768.247)
(1691,1850) (1664,1740)(1864,482) (1954,543)(346.866,91.9259) (55.9472,744.377)
(1691,1850) (1664,1740)(1954,543) (2041,619)(346.866,91.9259) (48.9182,724.711)
(1691,1850) (1664,1740)(2041,619) (2085,670)(346.866,91.9259) (40.857,704.883)
(1691,1850) (1664,1740)(2085,670) (2119,725)(346.866,91.9259) (31.7629,676.625)
(1691,1850) (1664,1740)(2068,648) (1999,580)(346.866,91.9259) (45.509,716.296)
(1691,1850) (1664,1740)(1999,580) (1922,518)(346.866,91.9259) (51.2178,731.773)
(1691,1850) (1664,1740)(1922,518) (1819,459)(346.866,91.9259) (60.2176,756.757)
(1219,1805) (1207,1741)(1556,1229) (1504,1266)(349.456,512.998) (53.9726,39.9874)
(1219,1805) (1207,1741)(1331,1527) (1362,1463)(349.456,512.998) (26.0124,138.808)
(1219,1805) (1207,1741)(1362,1463) (1399,1413)(349.456,512.998) (36.4164,74.8698)
(1219,1805) (1207,1741)(1805,453) (1864,482)(349.456,512.998) (63.9018,768.247)
(1219,1805) (1207,1741)(1864,482) (1954,543)(349.456,512.998) (55.9472,744.377)
(1219,1805) (1207,1741)(1954,543) (2041,619)(349.456,512.998) (48.9182,724.711)
(1219,1805) (1207,1741)(2041,619) (2085,670)(349.456,512.998) (40.857,704.883)
(1219,1805) (1207,1741)(2085,670) (2119,725)(349.456,512.998) (31.7629,676.625)
(1219,1805) (1207,1741)(1590,2226) (1549,2175)(349.456,512.998) (321.272,660.544)
(1219,1805) (1207,1741)(2068,648) (1999,580)(349.456,512.998) (45.509,716.296)
(1219,1805) (1207,1741)(1999,580) (1922,518)(349.456,512.998) (51.2178,731.773)
(1219,1805) (1207,1741)(1922,518) (1819,459)(349.456,512.998) (60.2176,756.757)
(1763,533) (1779,595)(1779,595) (1773,657)(14.5002,299.51) (354.623,85.7285)
(1763,533) (1779,595)(1331,1527) (1362,1463)(14.5002,299.51) (26.0124,138.808)
(1763,533) (1779,595)(1773,662) (1779,594)(14.5002,299.51) (354.92,91.058)
(1763,533) (1779,595)(1805,453) (1864,482)(14.5002,299.51) (63.9018,768.247)
(1763,533) (1779,595)(1864,482) (1954,543)(14.5002,299.51) (55.9472,744.377)
(1763,533) (1779,595)(1954,543) (2041,619)(14.5002,299.51) (48.9182,724.711)
(1763,533) (1779,595)(2041,619) (2085,670)(14.5002,299.51) (40.857,704.883)
(1763,533) (1779,595)(2085,670) (2119,725)(14.5002,299.51) (31.7629,676.625)
(1763,533) (1779,595)(2068,648) (1999,580)(14.5002,299.51) (45.509,716.296)
(1763,533) (1779,595)(1999,580) (1922,518)(14.5002,299.51) (51.2178,731.773)
(1763,533) (1779,595)(1922,518) (1819,459)(14.5002,299.51) (60.2176,756.757)
(1779,595) (1773,657)(1763,533) (1779,595)(354.623,85.7285) (14.5002,299.51)
(1779,595) (1773,657)(1331,1527) (1362,1463)(354.623,85.7285) (26.0124,138.808)
(1779,595) (1773,657)(1765,538) (1743,475)(354.623,85.7285) (19.2593,351.727)
(1779,595) (1773,657)(1805,453) (1864,482)(354.623,85.7285) (63.9018,768.247)
(1779,595) (1773,657)(1864,482) (1954,543)(354.623,85.7285) (55.9472,744.377)
(1779,595) (1773,657)(1954,543) (2041,619)(354.623,85.7285) (48.9182,724.711)
(1779,595) (1773,657)(2041,619) (2085,670)(354.623,85.7285) (40.857,704.883)
(1779,595) (1773,657)(2085,670) (2119,725)(354.623,85.7285) (31.7629,676.625)
(1779,595) (1773,657)(2141,752) (2173,819)(354.623,85.7285) (25.56,662.724)
(1779,595) (1773,657)(2181,826) (2225,939)(354.623,85.7285) (21.3636,655.998)
(1779,595) (1773,657)(2225,938) (2172,817)(354.623,85.7285) (23.6793,657.926)
(1779,595) (1773,657)(2068,648) (1999,580)(354.623,85.7285) (45.509,716.296)
(1779,595) (1773,657)(1999,580) (1922,518)(354.623,85.7285) (51.2178,731.773)
(1779,595) (1773,657)(1922,518) (1819,459)(354.623,85.7285) (60.2176,756.757)
(1779,740) (1764,825)(1763,533) (1779,595)(350.38,60.6511) (14.5002,299.51)
(1779,740) (1764,825)(1331,1527) (1362,1463)(350.38,60.6511) (26.0124,138.808)
(1779,740) (1764,825)(1765,538) (1743,475)(350.38,60.6511) (19.2593,351.727)
(1779,740) (1764,825)(1805,453) (1864,482)(350.38,60.6511) (63.9018,768.247)
(1779,740) (1764,825)(1864,482) (1954,543)(350.38,60.6511) (55.9472,744.377)
(1779,740) (1764,825)(1954,543) (2041,619)(350.38,60.6511) (48.9182,724.711)
(1779,740) (1764,825)(2041,619) (2085,670)(350.38,60.6511) (40.857,704.883)
(1779,740) (1764,825)(2085,670) (2119,725)(350.38,60.6511) (31.7629,676.625)
(1779,740) (1764,825)(2141,752) (2173,819)(350.38,60.6511) (25.56,662.724)
(1779,740) (1764,825)(2181,826) (2225,939)(350.38,60.6511) (21.3636,655.998)
(1779,740) (1764,825)(2253,1051) (2268,1141)(350.38,60.6511) (9.52112,640.992)
(1779,740) (1764,825)(2225,938) (2172,817)(350.38,60.6511) (23.6793,657.926)
(1779,740) (1764,825)(2068,648) (1999,580)(350.38,60.6511) (45.509,716.296)
(1779,740) (1764,825)(1999,580) (1922,518)(350.38,60.6511) (51.2178,731.773)
(1779,740) (1764,825)(1922,518) (1819,459)(350.38,60.6511) (60.2176,756.757)
(1747,877) (1700,1040)(1763,533) (1779,595)(347.005,14.3598) (14.5002,299.51)
(1747,877) (1700,1040)(1362,1463) (1399,1413)(347.005,14.3598) (36.4164,74.8698)
(1747,877) (1700,1040)(1765,538) (1743,475)(347.005,14.3598) (19.2593,351.727)
(1747,877) (1700,1040)(1805,453) (1864,482)(347.005,14.3598) (63.9018,768.247)
(1747,877) (1700,1040)(1864,482) (1954,543)(347.005,14.3598) (55.9472,744.377)
(1747,877) (1700,1040)(1954,543) (2041,619)(347.005,14.3598) (48.9182,724.711)
(1747,877) (1700,1040)(2041,619) (2085,670)(347.005,14.3598) (40.857,704.883)
(1747,877) (1700,1040)(2085,670) (2119,725)(347.005,14.3598) (31.7629,676.625)
(1747,877) (1700,1040)(2141,752) (2173,819)(347.005,14.3598) (25.56,662.724)
(1747,877) (1700,1040)(2181,826) (2225,939)(347.005,14.3598) (21.3636,655.998)
(1747,877) (1700,1040)(2253,1051) (2268,1141)(347.005,14.3598) (9.52112,640.992)
(1747,877) (1700,1040)(2270,1223) (2280,1429)(347.005,14.3598) (2.79051,637.298)
(1747,877) (1700,1040)(2169,2177) (2162,2039)(347.005,14.3598) (2.93868,488.032)
(1747,877) (1700,1040)(2290,1619) (2284,1431)(347.005,14.3598) (1.86768,645.065)
(1747,877) (1700,1040)(2280,1428) (2254,1022)(347.005,14.3598) (3.71177,633.638)
(1747,877) (1700,1040)(2225,938) (2172,817)(347.005,14.3598) (23.6793,657.926)
(1747,877) (1700,1040)(2068,648) (1999,580)(347.005,14.3598) (45.509,716.296)
(1747,877) (1700,1040)(1999,580) (1922,518)(347.005,14.3598) (51.2178,731.773)
(1747,877) (1700,1040)(1922,518) (1819,459)(347.005,14.3598) (60.2176,756.757)
(1678,1068) (1641,1138)(1763,533) (1779,595)(28.8866,32.2316) (14.5002,299.51)
(1678,1068) (1641,1138)(1765,538) (1743,475)(28.8866,32.2316) (19.2593,351.727)
(1678,1068) (1641,1138)(1805,453) (1864,482)(28.8866,32.2316) (63.9018,768.247)
(1678,1068) (1641,1138)(1864,482) (1954,543)(28.8866,32.2316) (55.9472,744.377)
(1678,1068) (1641,1138)(1954,543) (2041,619)(28.8866,32.2316) (48.9182,724.711)
(1678,1068) (1641,1138)(2041,619) (2085,670)(28.8866,32.2316) (40.857,704.883)
(1678,1068) (1641,1138)(2085,670) (2119,725)(28.8866,32.2316) (31.7629,676.625)
(1678,1068) (1641,1138)(2141,752) (2173,819)(28.8866,32.2316) (25.56,662.724)
(1678,1068) (1641,1138)(2181,826) (2225,939)(28.8866,32.2316) (21.3636,655.998)
(1678,1068) (1641,1138)(2253,1051) (2268,1141)(28.8866,32.2316) (9.52112,640.992)
(1678,1068) (1641,1138)(2270,1223) (2280,1429)(28.8866,32.2316) (2.79051,637.298)
(1678,1068) (1641,1138)(2169,2177) (2162,2039)(28.8866,32.2316) (2.93868,488.032)
(1678,1068) (1641,1138)(2290,1619) (2284,1431)(28.8866,32.2316) (1.86768,645.065)
(1678,1068) (1641,1138)(2280,1428) (2254,1022)(28.8866,32.2316) (3.71177,633.638)
(1678,1068) (1641,1138)(2225,938) (2172,817)(28.8866,32.2316) (23.6793,657.926)
(1678,1068) (1641,1138)(2068,648) (1999,580)(28.8866,32.2316) (45.509,716.296)
(1678,1068) (1641,1138)(1999,580) (1922,518)(28.8866,32.2316) (51.2178,731.773)
(1678,1068) (1641,1138)(1922,518) (1819,459)(28.8866,32.2316) (60.2176,756.757)
(1556,1229) (1504,1266)(1691,1850) (1664,1740)(53.9726,39.9874) (346.866,91.9259)
(1556,1229) (1504,1266)(1763,533) (1779,595)(53.9726,39.9874) (14.5002,299.51)
(1556,1229) (1504,1266)(1331,1527) (1362,1463)(53.9726,39.9874) (26.0124,138.808)
(1556,1229) (1504,1266)(1362,1463) (1399,1413)(53.9726,39.9874) (36.4164,74.8698)
(1556,1229) (1504,1266)(1765,538) (1743,475)(53.9726,39.9874) (19.2593,351.727)
(1556,1229) (1504,1266)(1805,453) (1864,482)(53.9726,39.9874) (63.9018,768.247)
(1556,1229) (1504,1266)(1864,482) (1954,543)(53.9726,39.9874) (55.9472,744.377)
(1556,1229) (1504,1266)(1954,543) (2041,619)(53.9726,39.9874) (48.9182,724.711)
(1556,1229) (1504,1266)(2041,619) (2085,670)(53.9726,39.9874) (40.857,704.883)
(1556,1229) (1504,1266)(2085,670) (2119,725)(53.9726,39.9874) (31.7629,676.625)
(1556,1229) (1504,1266)(2141,752) (2173,819)(53.9726,39.9874) (25.56,662.724)
(1556,1229) (1504,1266)(2181,826) (2225,939)(53.9726,39.9874) (21.3636,655.998)
(1556,1229) (1504,1266)(2253,1051) (2268,1141)(53.9726,39.9874) (9.52112,640.992)
(1556,1229) (1504,1266)(2270,1223) (2280,1429)(53.9726,39.9874) (2.79051,637.298)
(1556,1229) (1504,1266)(2169,2177) (2162,2039)(53.9726,39.9874) (2.93868,488.032)
(1556,1229) (1504,1266)(2290,1619) (2284,1431)(53.9726,39.9874) (1.86768,645.065)
(1556,1229) (1504,1266)(2280,1428) (2254,1022)(53.9726,39.9874) (3.71177,633.638)
(1556,1229) (1504,1266)(2225,938) (2172,817)(53.9726,39.9874) (23.6793,657.926)
(1556,1229) (1504,1266)(2068,648) (1999,580)(53.9726,39.9874) (45.509,716.296)
(1556,1229) (1504,1266)(1999,580) (1922,518)(53.9726,39.9874) (51.2178,731.773)
(1556,1229) (1504,1266)(1922,518) (1819,459)(53.9726,39.9874) (60.2176,756.757)
(1331,1527) (1362,1463)(1691,1850) (1664,1740)(26.0124,138.808) (346.866,91.9259)
(1331,1527) (1362,1463)(1763,533) (1779,595)(26.0124,138.808) (14.5002,299.51)
(1331,1527) (1362,1463)(1556,1229) (1504,1266)(26.0124,138.808) (53.9726,39.9874)
(1331,1527) (1362,1463)(1765,538) (1743,475)(26.0124,138.808) (19.2593,351.727)
(1331,1527) (1362,1463)(1805,453) (1864,482)(26.0124,138.808) (63.9018,768.247)
(1331,1527) (1362,1463)(1864,482) (1954,543)(26.0124,138.808) (55.9472,744.377)
(1331,1527) (1362,1463)(1954,543) (2041,619)(26.0124,138.808) (48.9182,724.711)
(1331,1527) (1362,1463)(2041,619) (2085,670)(26.0124,138.808) (40.857,704.883)
(1331,1527) (1362,1463)(2085,670) (2119,725)(26.0124,138.808) (31.7629,676.625)
(1331,1527) (1362,1463)(2141,752) (2173,819)(26.0124,138.808) (25.56,662.724)
(1331,1527) (1362,1463)(2181,826) (2225,939)(26.0124,138.808) (21.3636,655.998)
(1331,1527) (1362,1463)(2253,1051) (2268,1141)(26.0124,138.808) (9.52112,640.992)
(1331,1527) (1362,1463)(2270,1223) (2280,1429)(26.0124,138.808) (2.79051,637.298)
(1331,1527) (1362,1463)(1565,2139) (1587,2225)(26.0124,138.808) (345.726,291.677)
(1331,1527) (1362,1463)(2169,2177) (2162,2039)(26.0124,138.808) (2.93868,488.032)
(1331,1527) (1362,1463)(2290,1619) (2284,1431)(26.0124,138.808) (1.86768,645.065)
(1331,1527) (1362,1463)(2280,1428) (2254,1022)(26.0124,138.808) (3.71177,633.638)
(1331,1527) (1362,1463)(2225,938) (2172,817)(26.0124,138.808) (23.6793,657.926)
(1331,1527) (1362,1463)(2068,648) (1999,580)(26.0124,138.808) (45.509,716.296)
(1331,1527) (1362,1463)(1999,580) (1922,518)(26.0124,138.808) (51.2178,731.773)
(1331,1527) (1362,1463)(1922,518) (1819,459)(26.0124,138.808) (60.2176,756.757)
(1362,1463) (1399,1413)(1691,1850) (1664,1740)(36.4164,74.8698) (346.866,91.9259)
(1362,1463) (1399,1413)(1763,533) (1779,595)(36.4164,74.8698) (14.5002,299.51)
(1362,1463) (1399,1413)(1556,1229) (1504,1266)(36.4164,74.8698) (53.9726,39.9874)
(1362,1463) (1399,1413)(1765,538) (1743,475)(36.4164,74.8698) (19.2593,351.727)
(1362,1463) (1399,1413)(1805,453) (1864,482)(36.4164,74.8698) (63.9018,768.247)
(1362,1463) (1399,1413)(1864,482) (1954,543)(36.4164,74.8698) (55.9472,744.377)
(1362,1463) (1399,1413)(1954,543) (2041,619)(36.4164,74.8698) (48.9182,724.711)
(1362,1463) (1399,1413)(2041,619) (2085,670)(36.4164,74.8698) (40.857,704.883)
(1362,1463) (1399,1413)(2085,670) (2119,725)(36.4164,74.8698) (31.7629,676.625)
(1362,1463) (1399,1413)(2141,752) (2173,819)(36.4164,74.8698) (25.56,662.724)
(1362,1463) (1399,1413)(2181,826) (2225,939)(36.4164,74.8698) (21.3636,655.998)
(1362,1463) (1399,1413)(2253,1051) (2268,1141)(36.4164,74.8698) (9.52112,640.992)
(1362,1463) (1399,1413)(2270,1223) (2280,1429)(36.4164,74.8698) (2.79051,637.298)
(1362,1463) (1399,1413)(1565,2139) (1587,2225)(36.4164,74.8698) (345.726,291.677)
(1362,1463) (1399,1413)(2169,2177) (2162,2039)(36.4164,74.8698) (2.93868,488.032)
(1362,1463) (1399,1413)(2290,1619) (2284,1431)(36.4164,74.8698) (1.86768,645.065)
(1362,1463) (1399,1413)(2280,1428) (2254,1022)(36.4164,74.8698) (3.71177,633.638)
(1362,1463) (1399,1413)(2225,938) (2172,817)(36.4164,74.8698) (23.6793,657.926)
(1362,1463) (1399,1413)(2068,648) (1999,580)(36.4164,74.8698) (45.509,716.296)
(1362,1463) (1399,1413)(1999,580) (1922,518)(36.4164,74.8698) (51.2178,731.773)
(1362,1463) (1399,1413)(1922,518) (1819,459)(36.4164,74.8698) (60.2176,756.757)
(1640,1140) (1677,1070)(1763,533) (1779,595)(28.8866,32.1811) (14.5002,299.51)
(1640,1140) (1677,1070)(1765,538) (1743,475)(28.8866,32.1811) (19.2593,351.727)
(1640,1140) (1677,1070)(1805,453) (1864,482)(28.8866,32.1811) (63.9018,768.247)
(1640,1140) (1677,1070)(1864,482) (1954,543)(28.8866,32.1811) (55.9472,744.377)
(1640,1140) (1677,1070)(1954,543) (2041,619)(28.8866,32.1811) (48.9182,724.711)
(1640,1140) (1677,1070)(2041,619) (2085,670)(28.8866,32.1811) (40.857,704.883)
(1640,1140) (1677,1070)(2085,670) (2119,725)(28.8866,32.1811) (31.7629,676.625)
(1640,1140) (1677,1070)(2141,752) (2173,819)(28.8866,32.1811) (25.56,662.724)
(1640,1140) (1677,1070)(2181,826) (2225,939)(28.8866,32.1811) (21.3636,655.998)
(1640,1140) (1677,1070)(2253,1051) (2268,1141)(28.8866,32.1811) (9.52112,640.992)
(1640,1140) (1677,1070)(2270,1223) (2280,1429)(28.8866,32.1811) (2.79051,637.298)
(1640,1140) (1677,1070)(2169,2177) (2162,2039)(28.8866,32.1811) (2.93868,488.032)
(1640,1140) (1677,1070)(2290,1619) (2284,1431)(28.8866,32.1811) (1.86768,645.065)
(1640,1140) (1677,1070)(2280,1428) (2254,1022)(28.8866,32.1811) (3.71177,633.638)
(1640,1140) (1677,1070)(2225,938) (2172,817)(28.8866,32.1811) (23.6793,657.926)
(1640,1140) (1677,1070)(2068,648) (1999,580)(28.8866,32.1811) (45.509,716.296)
(1640,1140) (1677,1070)(1999,580) (1922,518)(28.8866,32.1811) (51.2178,731.773)
(1640,1140) (1677,1070)(1922,518) (1819,459)(28.8866,32.1811) (60.2176,756.757)
(1700,1041) (1784,700)(1763,533) (1779,595)(346.608,22.2555) (14.5002,299.51)
(1700,1041) (1784,700)(1362,1463) (1399,1413)(346.608,22.2555) (36.4164,74.8698)
(1700,1041) (1784,700)(1765,538) (1743,475)(346.608,22.2555) (19.2593,351.727)
(1700,1041) (1784,700)(1805,453) (1864,482)(346.608,22.2555) (63.9018,768.247)
(1700,1041) (1784,700)(1864,482) (1954,543)(346.608,22.2555) (55.9472,744.377)
(1700,1041) (1784,700)(1954,543) (2041,619)(346.608,22.2555) (48.9182,724.711)
(1700,1041) (1784,700)(2041,619) (2085,670)(346.608,22.2555) (40.857,704.883)
(1700,1041) (1784,700)(2085,670) (2119,725)(346.608,22.2555) (31.7629,676.625)
(1700,1041) (1784,700)(2141,752) (2173,819)(346.608,22.2555) (25.56,662.724)
(1700,1041) (1784,700)(2181,826) (2225,939)(346.608,22.2555) (21.3636,655.998)
(1700,1041) (1784,700)(2253,1051) (2268,1141)(346.608,22.2555) (9.52112,640.992)
(1700,1041) (1784,700)(2270,1223) (2280,1429)(346.608,22.2555) (2.79051,637.298)
(1700,1041) (1784,700)(2169,2177) (2162,2039)(346.608,22.2555) (2.93868,488.032)
(1700,1041) (1784,700)(2290,1619) (2284,1431)(346.608,22.2555) (1.86768,645.065)
(1700,1041) (1784,700)(2280,1428) (2254,1022)(346.608,22.2555) (3.71177,633.638)
(1700,1041) (1784,700)(2225,938) (2172,817)(346.608,22.2555) (23.6793,657.926)
(1700,1041) (1784,700)(2068,648) (1999,580)(346.608,22.2555) (45.509,716.296)
(1700,1041) (1784,700)(1999,580) (1922,518)(346.608,22.2555) (51.2178,731.773)
(1700,1041) (1784,700)(1922,518) (1819,459)(346.608,22.2555) (60.2176,756.757)
(1773,662) (1779,594)(1763,533) (1779,595)(354.92,91.058) (14.5002,299.51)
(1773,662) (1779,594)(1331,1527) (1362,1463)(354.92,91.058) (26.0124,138.808)
(1773,662) (1779,594)(1765,538) (1743,475)(354.92,91.058) (19.2593,351.727)
(1773,662) (1779,594)(1805,453) (1864,482)(354.92,91.058) (63.9018,768.247)
(1773,662) (1779,594)(1864,482) (1954,543)(354.92,91.058) (55.9472,744.377)
(1773,662) (1779,594)(1954,543) (2041,619)(354.92,91.058) (48.9182,724.711)
(1773,662) (1779,594)(2041,619) (2085,670)(354.92,91.058) (40.857,704.883)
(1773,662) (1779,594)(2085,670) (2119,725)(354.92,91.058) (31.7629,676.625)
(1773,662) (1779,594)(2141,752) (2173,819)(354.92,91.058) (25.56,662.724)
(1773,662) (1779,594)(2181,826) (2225,939)(354.92,91.058) (21.3636,655.998)
(1773,662) (1779,594)(2225,938) (2172,817)(354.92,91.058) (23.6793,657.926)
(1773,662) (1779,594)(2068,648) (1999,580)(354.92,91.058) (45.509,716.296)
(1773,662) (1779,594)(1999,580) (1922,518)(354.92,91.058) (51.2178,731.773)
(1773,662) (1779,594)(1922,518) (1819,459)(354.92,91.058) (60.2176,756.757)
(1765,538) (1743,475)(1805,453) (1864,482)(19.2593,351.727) (63.9018,768.247)
(1765,538) (1743,475)(1864,482) (1954,543)(19.2593,351.727) (55.9472,744.377)
(1765,538) (1743,475)(1954,543) (2041,619)(19.2593,351.727) (48.9182,724.711)
(1765,538) (1743,475)(2041,619) (2085,670)(19.2593,351.727) (40.857,704.883)
(1765,538) (1743,475)(2270,1223) (2280,1429)(19.2593,351.727) (2.79051,637.298)
(1765,538) (1743,475)(2169,2177) (2162,2039)(19.2593,351.727) (2.93868,488.032)
(1765,538) (1743,475)(2290,1619) (2284,1431)(19.2593,351.727) (1.86768,645.065)
(1765,538) (1743,475)(2280,1428) (2254,1022)(19.2593,351.727) (3.71177,633.638)
(1765,538) (1743,475)(2068,648) (1999,580)(19.2593,351.727) (45.509,716.296)
(1765,538) (1743,475)(1999,580) (1922,518)(19.2593,351.727) (51.2178,731.773)
(1765,538) (1743,475)(1922,518) (1819,459)(19.2593,351.727) (60.2176,756.757)
(1805,453) (1864,482)(1779,595) (1773,657)(63.9018,768.247) (354.623,85.7285)
(1805,453) (1864,482)(1779,740) (1764,825)(63.9018,768.247) (350.38,60.6511)
(1805,453) (1864,482)(1747,877) (1700,1040)(63.9018,768.247) (347.005,14.3598)
(1805,453) (1864,482)(1331,1527) (1362,1463)(63.9018,768.247) (26.0124,138.808)
(1805,453) (1864,482)(1700,1041) (1784,700)(63.9018,768.247) (346.608,22.2555)
(1805,453) (1864,482)(1773,662) (1779,594)(63.9018,768.247) (354.92,91.058)
(1805,453) (1864,482)(2041,619) (2085,670)(63.9018,768.247) (40.857,704.883)
(1805,453) (1864,482)(2085,670) (2119,725)(63.9018,768.247) (31.7629,676.625)
(1805,453) (1864,482)(2141,752) (2173,819)(63.9018,768.247) (25.56,662.724)
(1805,453) (1864,482)(2181,826) (2225,939)(63.9018,768.247) (21.3636,655.998)
(1805,453) (1864,482)(2253,1051) (2268,1141)(63.9018,768.247) (9.52112,640.992)
(1805,453) (1864,482)(2270,1223) (2280,1429)(63.9018,768.247) (2.79051,637.298)
(1805,453) (1864,482)(2169,2177) (2162,2039)(63.9018,768.247) (2.93868,488.032)
(1805,453) (1864,482)(2290,1619) (2284,1431)(63.9018,768.247) (1.86768,645.065)
(1805,453) (1864,482)(2280,1428) (2254,1022)(63.9018,768.247) (3.71177,633.638)
(1805,453) (1864,482)(2225,938) (2172,817)(63.9018,768.247) (23.6793,657.926)
(1805,453) (1864,482)(2068,648) (1999,580)(63.9018,768.247) (45.509,716.296)
(1864,482) (1954,543)(1779,595) (1773,657)(55.9472,744.377) (354.623,85.7285)
(1864,482) (1954,543)(1779,740) (1764,825)(55.9472,744.377) (350.38,60.6511)
(1864,482) (1954,543)(1747,877) (1700,1040)(55.9472,744.377) (347.005,14.3598)
(1864,482) (1954,543)(1678,1068) (1641,1138)(55.9472,744.377) (28.8866,32.2316)
(1864,482) (1954,543)(1331,1527) (1362,1463)(55.9472,744.377) (26.0124,138.808)
(1864,482) (1954,543)(1640,1140) (1677,1070)(55.9472,744.377) (28.8866,32.1811)
(1864,482) (1954,543)(1700,1041) (1784,700)(55.9472,744.377) (346.608,22.2555)
(1864,482) (1954,543)(1773,662) (1779,594)(55.9472,744.377) (354.92,91.058)
(1864,482) (1954,543)(2041,619) (2085,670)(55.9472,744.377) (40.857,704.883)
(1864,482) (1954,543)(2085,670) (2119,725)(55.9472,744.377) (31.7629,676.625)
(1864,482) (1954,543)(2141,752) (2173,819)(55.9472,744.377) (25.56,662.724)
(1864,482) (1954,543)(2181,826) (2225,939)(55.9472,744.377) (21.3636,655.998)
(1864,482) (1954,543)(2253,1051) (2268,1141)(55.9472,744.377) (9.52112,640.992)
(1864,482) (1954,543)(2270,1223) (2280,1429)(55.9472,744.377) (2.79051,637.298)
(1864,482) (1954,543)(2169,2177) (2162,2039)(55.9472,744.377) (2.93868,488.032)
(1864,482) (1954,543)(2290,1619) (2284,1431)(55.9472,744.377) (1.86768,645.065)
(1864,482) (1954,543)(2280,1428) (2254,1022)(55.9472,744.377) (3.71177,633.638)
(1864,482) (1954,543)(2225,938) (2172,817)(55.9472,744.377) (23.6793,657.926)
(1954,543) (2041,619)(1779,595) (1773,657)(48.9182,724.711) (354.623,85.7285)
(1954,543) (2041,619)(1779,740) (1764,825)(48.9182,724.711) (350.38,60.6511)
(1954,543) (2041,619)(1747,877) (1700,1040)(48.9182,724.711) (347.005,14.3598)
(1954,543) (2041,619)(1678,1068) (1641,1138)(48.9182,724.711) (28.8866,32.2316)
(1954,543) (2041,619)(1331,1527) (1362,1463)(48.9182,724.711) (26.0124,138.808)
(1954,543) (2041,619)(1362,1463) (1399,1413)(48.9182,724.711) (36.4164,74.8698)
(1954,543) (2041,619)(1640,1140) (1677,1070)(48.9182,724.711) (28.8866,32.1811)
(1954,543) (2041,619)(1700,1041) (1784,700)(48.9182,724.711) (346.608,22.2555)
(1954,543) (2041,619)(1773,662) (1779,594)(48.9182,724.711) (354.92,91.058)
(1954,543) (2041,619)(2085,670) (2119,725)(48.9182,724.711) (31.7629,676.625)
(1954,543) (2041,619)(2141,752) (2173,819)(48.9182,724.711) (25.56,662.724)
(1954,543) (2041,619)(2181,826) (2225,939)(48.9182,724.711) (21.3636,655.998)
(1954,543) (2041,619)(2253,1051) (2268,1141)(48.9182,724.711) (9.52112,640.992)
(1954,543) (2041,619)(2270,1223) (2280,1429)(48.9182,724.711) (2.79051,637.298)
(1954,543) (2041,619)(2169,2177) (2162,2039)(48.9182,724.711) (2.93868,488.032)
(1954,543) (2041,619)(2290,1619) (2284,1431)(48.9182,724.711) (1.86768,645.065)
(1954,543) (2041,619)(2280,1428) (2254,1022)(48.9182,724.711) (3.71177,633.638)
(1954,543) (2041,619)(2225,938) (2172,817)(48.9182,724.711) (23.6793,657.926)
(2041,619) (2085,670)(1779,595) (1773,657)(40.857,704.883) (354.623,85.7285)
(2041,619) (2085,670)(1779,740) (1764,825)(40.857,704.883) (350.38,60.6511)
(2041,619) (2085,670)(1747,877) (1700,1040)(40.857,704.883) (347.005,14.3598)
(2041,619) (2085,670)(1678,1068) (1641,1138)(40.857,704.883) (28.8866,32.2316)
(2041,619) (2085,670)(1331,1527) (1362,1463)(40.857,704.883) (26.0124,138.808)
(2041,619) (2085,670)(1362,1463) (1399,1413)(40.857,704.883) (36.4164,74.8698)
(2041,619) (2085,670)(1640,1140) (1677,1070)(40.857,704.883) (28.8866,32.1811)
(2041,619) (2085,670)(1700,1041) (1784,700)(40.857,704.883) (346.608,22.2555)
(2041,619) (2085,670)(1773,662) (1779,594)(40.857,704.883) (354.92,91.058)
(2041,619) (2085,670)(1805,453) (1864,482)(40.857,704.883) (63.9018,768.247)
(2041,619) (2085,670)(1864,482) (1954,543)(40.857,704.883) (55.9472,744.377)
(2041,619) (2085,670)(2141,752) (2173,819)(40.857,704.883) (25.56,662.724)
(2041,619) (2085,670)(2181,826) (2225,939)(40.857,704.883) (21.3636,655.998)
(2041,619) (2085,670)(2253,1051) (2268,1141)(40.857,704.883) (9.52112,640.992)
(2041,619) (2085,670)(2270,1223) (2280,1429)(40.857,704.883) (2.79051,637.298)
(2041,619) (2085,670)(2169,2177) (2162,2039)(40.857,704.883) (2.93868,488.032)
(2041,619) (2085,670)(2290,1619) (2284,1431)(40.857,704.883) (1.86768,645.065)
(2041,619) (2085,670)(2280,1428) (2254,1022)(40.857,704.883) (3.71177,633.638)
(2041,619) (2085,670)(2225,938) (2172,817)(40.857,704.883) (23.6793,657.926)
(2041,619) (2085,670)(1922,518) (1819,459)(40.857,704.883) (60.2176,756.757)
(2085,670) (2119,725)(1779,595) (1773,657)(31.7629,676.625) (354.623,85.7285)
(2085,670) (2119,725)(1779,740) (1764,825)(31.7629,676.625) (350.38,60.6511)
(2085,670) (2119,725)(1747,877) (1700,1040)(31.7629,676.625) (347.005,14.3598)
(2085,670) (2119,725)(1678,1068) (1641,1138)(31.7629,676.625) (28.8866,32.2316)
(2085,670) (2119,725)(1331,1527) (1362,1463)(31.7629,676.625) (26.0124,138.808)
(2085,670) (2119,725)(1362,1463) (1399,1413)(31.7629,676.625) (36.4164,74.8698)
(2085,670) (2119,725)(1640,1140) (1677,1070)(31.7629,676.625) (28.8866,32.1811)
(2085,670) (2119,725)(1700,1041) (1784,700)(31.7629,676.625) (346.608,22.2555)
(2085,670) (2119,725)(1773,662) (1779,594)(31.7629,676.625) (354.92,91.058)
(2085,670) (2119,725)(1805,453) (1864,482)(31.7629,676.625) (63.9018,768.247)
(2085,670) (2119,725)(1864,482) (1954,543)(31.7629,676.625) (55.9472,744.377)
(2085,670) (2119,725)(1954,543) (2041,619)(31.7629,676.625) (48.9182,724.711)
(2085,670) (2119,725)(2253,1051) (2268,1141)(31.7629,676.625) (9.52112,640.992)
(2085,670) (2119,725)(2270,1223) (2280,1429)(31.7629,676.625) (2.79051,637.298)
(2085,670) (2119,725)(2169,2177) (2162,2039)(31.7629,676.625) (2.93868,488.032)
(2085,670) (2119,725)(2290,1619) (2284,1431)(31.7629,676.625) (1.86768,645.065)
(2085,670) (2119,725)(2280,1428) (2254,1022)(31.7629,676.625) (3.71177,633.638)
(2085,670) (2119,725)(1999,580) (1922,518)(31.7629,676.625) (51.2178,731.773)
(2085,670) (2119,725)(1922,518) (1819,459)(31.7629,676.625) (60.2176,756.757)
(2141,752) (2173,819)(1779,595) (1773,657)(25.56,662.724) (354.623,85.7285)
(2141,752) (2173,819)(1779,740) (1764,825)(25.56,662.724) (350.38,60.6511)
(2141,752) (2173,819)(1747,877) (1700,1040)(25.56,662.724) (347.005,14.3598)
(2141,752) (2173,819)(1678,1068) (1641,1138)(25.56,662.724) (28.8866,32.2316)
(2141,752) (2173,819)(1556,1229) (1504,1266)(25.56,662.724) (53.9726,39.9874)
(2141,752) (2173,819)(1331,1527) (1362,1463)(25.56,662.724) (26.0124,138.808)
(2141,752) (2173,819)(1362,1463) (1399,1413)(25.56,662.724) (36.4164,74.8698)
(2141,752) (2173,819)(1640,1140) (1677,1070)(25.56,662.724) (28.8866,32.1811)
(2141,752) (2173,819)(1700,1041) (1784,700)(25.56,662.724) (346.608,22.2555)
(2141,752) (2173,819)(1773,662) (1779,594)(25.56,662.724) (354.92,91.058)
(2141,752) (2173,819)(1805,453) (1864,482)(25.56,662.724) (63.9018,768.247)
(2141,752) (2173,819)(1864,482) (1954,543)(25.56,662.724) (55.9472,744.377)
(2141,752) (2173,819)(1954,543) (2041,619)(25.56,662.724) (48.9182,724.711)
(2141,752) (2173,819)(2041,619) (2085,670)(25.56,662.724) (40.857,704.883)
(2141,752) (2173,819)(2253,1051) (2268,1141)(25.56,662.724) (9.52112,640.992)
(2141,752) (2173,819)(2270,1223) (2280,1429)(25.56,662.724) (2.79051,637.298)
(2141,752) (2173,819)(2290,1619) (2284,1431)(25.56,662.724) (1.86768,645.065)
(2141,752) (2173,819)(2280,1428) (2254,1022)(25.56,662.724) (3.71177,633.638)
(2141,752) (2173,819)(2068,648) (1999,580)(25.56,662.724) (45.509,716.296)
(2141,752) (2173,819)(1999,580) (1922,518)(25.56,662.724) (51.2178,731.773)
(2141,752) (2173,819)(1922,518) (1819,459)(25.56,662.724) (60.2176,756.757)
(2181,826) (2225,939)(1779,595) (1773,657)(21.3636,655.998) (354.623,85.7285)
(2181,826) (2225,939)(1779,740) (1764,825)(21.3636,655.998) (350.38,60.6511)
(2181,826) (2225,939)(1747,877) (1700,1040)(21.3636,655.998) (347.005,14.3598)
(2181,826) (2225,939)(1678,1068) (1641,1138)(21.3636,655.998) (28.8866,32.2316)
(2181,826) (2225,939)(1556,1229) (1504,1266)(21.3636,655.998) (53.9726,39.9874)
(2181,826) (2225,939)(1331,1527) (1362,1463)(21.3636,655.998) (26.0124,138.808)
(2181,826) (2225,939)(1362,1463) (1399,1413)(21.3636,655.998) (36.4164,74.8698)
(2181,826) (2225,939)(1640,1140) (1677,1070)(21.3636,655.998) (28.8866,32.1811)
(2181,826) (2225,939)(1700,1041) (1784,700)(21.3636,655.998) (346.608,22.2555)
(2181,826) (2225,939)(1773,662) (1779,594)(21.3636,655.998) (354.92,91.058)
(2181,826) (2225,939)(1805,453) (1864,482)(21.3636,655.998) (63.9018,768.247)
(2181,826) (2225,939)(1864,482) (1954,543)(21.3636,655.998) (55.9472,744.377)
(2181,826) (2225,939)(1954,543) (2041,619)(21.3636,655.998) (48.9182,724.711)
(2181,826) (2225,939)(2041,619) (2085,670)(21.3636,655.998) (40.857,704.883)
(2181,826) (2225,939)(2270,1223) (2280,1429)(21.3636,655.998) (2.79051,637.298)
(2181,826) (2225,939)(2290,1619) (2284,1431)(21.3636,655.998) (1.86768,645.065)
(2181,826) (2225,939)(2280,1428) (2254,1022)(21.3636,655.998) (3.71177,633.638)
(2181,826) (2225,939)(2068,648) (1999,580)(21.3636,655.998) (45.509,716.296)
(2181,826) (2225,939)(1999,580) (1922,518)(21.3636,655.998) (51.2178,731.773)
(2181,826) (2225,939)(1922,518) (1819,459)(21.3636,655.998) (60.2176,756.757)
(2253,1051) (2268,1141)(1779,740) (1764,825)(9.52112,640.992) (350.38,60.6511)
(2253,1051) (2268,1141)(1747,877) (1700,1040)(9.52112,640.992) (347.005,14.3598)
(2253,1051) (2268,1141)(1678,1068) (1641,1138)(9.52112,640.992) (28.8866,32.2316)
(2253,1051) (2268,1141)(1556,1229) (1504,1266)(9.52112,640.992) (53.9726,39.9874)
(2253,1051) (2268,1141)(1331,1527) (1362,1463)(9.52112,640.992) (26.0124,138.808)
(2253,1051) (2268,1141)(1362,1463) (1399,1413)(9.52112,640.992) (36.4164,74.8698)
(2253,1051) (2268,1141)(1640,1140) (1677,1070)(9.52112,640.992) (28.8866,32.1811)
(2253,1051) (2268,1141)(1700,1041) (1784,700)(9.52112,640.992) (346.608,22.2555)
(2253,1051) (2268,1141)(1805,453) (1864,482)(9.52112,640.992) (63.9018,768.247)
(2253,1051) (2268,1141)(1864,482) (1954,543)(9.52112,640.992) (55.9472,744.377)
(2253,1051) (2268,1141)(1954,543) (2041,619)(9.52112,640.992) (48.9182,724.711)
(2253,1051) (2268,1141)(2041,619) (2085,670)(9.52112,640.992) (40.857,704.883)
(2253,1051) (2268,1141)(2085,670) (2119,725)(9.52112,640.992) (31.7629,676.625)
(2253,1051) (2268,1141)(2141,752) (2173,819)(9.52112,640.992) (25.56,662.724)
(2253,1051) (2268,1141)(2068,648) (1999,580)(9.52112,640.992) (45.509,716.296)
(2253,1051) (2268,1141)(1999,580) (1922,518)(9.52112,640.992) (51.2178,731.773)
(2253,1051) (2268,1141)(1922,518) (1819,459)(9.52112,640.992) (60.2176,756.757)
(2268,1141) (2266,1208)(1678,1068) (1641,1138)(358.369,633.24) (28.8866,32.2316)
(2268,1141) (2266,1208)(1556,1229) (1504,1266)(358.369,633.24) (53.9726,39.9874)
(2268,1141) (2266,1208)(1331,1527) (1362,1463)(358.369,633.24) (26.0124,138.808)
(2268,1141) (2266,1208)(1362,1463) (1399,1413)(358.369,633.24) (36.4164,74.8698)
(2268,1141) (2266,1208)(1640,1140) (1677,1070)(358.369,633.24) (28.8866,32.1811)
(2268,1141) (2266,1208)(1805,453) (1864,482)(358.369,633.24) (63.9018,768.247)
(2268,1141) (2266,1208)(1864,482) (1954,543)(358.369,633.24) (55.9472,744.377)
(2268,1141) (2266,1208)(1954,543) (2041,619)(358.369,633.24) (48.9182,724.711)
(2268,1141) (2266,1208)(2041,619) (2085,670)(358.369,633.24) (40.857,704.883)
(2268,1141) (2266,1208)(2085,670) (2119,725)(358.369,633.24) (31.7629,676.625)
(2268,1141) (2266,1208)(2141,752) (2173,819)(358.369,633.24) (25.56,662.724)
(2268,1141) (2266,1208)(2181,826) (2225,939)(358.369,633.24) (21.3636,655.998)
(2268,1141) (2266,1208)(2225,938) (2172,817)(358.369,633.24) (23.6793,657.926)
(2268,1141) (2266,1208)(2068,648) (1999,580)(358.369,633.24) (45.509,716.296)
(2268,1141) (2266,1208)(1999,580) (1922,518)(358.369,633.24) (51.2178,731.773)
(2268,1141) (2266,1208)(1922,518) (1819,459)(358.369,633.24) (60.2176,756.757)
(2270,1223) (2280,1429)(1747,877) (1700,1040)(2.79051,637.298) (347.005,14.3598)
(2270,1223) (2280,1429)(1678,1068) (1641,1138)(2.79051,637.298) (28.8866,32.2316)
(2270,1223) (2280,1429)(1556,1229) (1504,1266)(2.79051,637.298) (53.9726,39.9874)
(2270,1223) (2280,1429)(1331,1527) (1362,1463)(2.79051,637.298) (26.0124,138.808)
(2270,1223) (2280,1429)(1362,1463) (1399,1413)(2.79051,637.298) (36.4164,74.8698)
(2270,1223) (2280,1429)(1640,1140) (1677,1070)(2.79051,637.298) (28.8866,32.1811)
(2270,1223) (2280,1429)(1700,1041) (1784,700)(2.79051,637.298) (346.608,22.2555)
(2270,1223) (2280,1429)(1805,453) (1864,482)(2.79051,637.298) (63.9018,768.247)
(2270,1223) (2280,1429)(1864,482) (1954,543)(2.79051,637.298) (55.9472,744.377)
(2270,1223) (2280,1429)(1954,543) (2041,619)(2.79051,637.298) (48.9182,724.711)
(2270,1223) (2280,1429)(2041,619) (2085,670)(2.79051,637.298) (40.857,704.883)
(2270,1223) (2280,1429)(2085,670) (2119,725)(2.79051,637.298) (31.7629,676.625)
(2270,1223) (2280,1429)(2141,752) (2173,819)(2.79051,637.298) (25.56,662.724)
(2270,1223) (2280,1429)(2181,826) (2225,939)(2.79051,637.298) (21.3636,655.998)
(2270,1223) (2280,1429)(2225,938) (2172,817)(2.79051,637.298) (23.6793,657.926)
(2270,1223) (2280,1429)(2068,648) (1999,580)(2.79051,637.298) (45.509,716.296)
(2270,1223) (2280,1429)(1999,580) (1922,518)(2.79051,637.298) (51.2178,731.773)
(2270,1223) (2280,1429)(1922,518) (1819,459)(2.79051,637.298) (60.2176,756.757)
(2290,1569) (2289,1631)(1747,877) (1700,1040)(359.136,663.478) (347.005,14.3598)
(2290,1569) (2289,1631)(1678,1068) (1641,1138)(359.136,663.478) (28.8866,32.2316)
(2290,1569) (2289,1631)(1556,1229) (1504,1266)(359.136,663.478) (53.9726,39.9874)
(2290,1569) (2289,1631)(1331,1527) (1362,1463)(359.136,663.478) (26.0124,138.808)
(2290,1569) (2289,1631)(1362,1463) (1399,1413)(359.136,663.478) (36.4164,74.8698)
(2290,1569) (2289,1631)(1640,1140) (1677,1070)(359.136,663.478) (28.8866,32.1811)
(2290,1569) (2289,1631)(1805,453) (1864,482)(359.136,663.478) (63.9018,768.247)
(2290,1569) (2289,1631)(1864,482) (1954,543)(359.136,663.478) (55.9472,744.377)
(2290,1569) (2289,1631)(1954,543) (2041,619)(359.136,663.478) (48.9182,724.711)
(2290,1569) (2289,1631)(2041,619) (2085,670)(359.136,663.478) (40.857,704.883)
(2290,1569) (2289,1631)(2085,670) (2119,725)(359.136,663.478) (31.7629,676.625)
(2290,1569) (2289,1631)(2141,752) (2173,819)(359.136,663.478) (25.56,662.724)
(2290,1569) (2289,1631)(2181,826) (2225,939)(359.136,663.478) (21.3636,655.998)
(2290,1569) (2289,1631)(2225,938) (2172,817)(359.136,663.478) (23.6793,657.926)
(2290,1569) (2289,1631)(2068,648) (1999,580)(359.136,663.478) (45.509,716.296)
(2290,1569) (2289,1631)(1999,580) (1922,518)(359.136,663.478) (51.2178,731.773)
(2290,1569) (2289,1631)(1922,518) (1819,459)(359.136,663.478) (60.2176,756.757)
(2289,1631) (2269,1784)(1678,1068) (1641,1138)(352.572,704.212) (28.8866,32.2316)
(2289,1631) (2269,1784)(1556,1229) (1504,1266)(352.572,704.212) (53.9726,39.9874)
(2289,1631) (2269,1784)(1331,1527) (1362,1463)(352.572,704.212) (26.0124,138.808)
(2289,1631) (2269,1784)(1362,1463) (1399,1413)(352.572,704.212) (36.4164,74.8698)
(2289,1631) (2269,1784)(1640,1140) (1677,1070)(352.572,704.212) (28.8866,32.1811)
(2289,1631) (2269,1784)(1805,453) (1864,482)(352.572,704.212) (63.9018,768.247)
(2289,1631) (2269,1784)(1864,482) (1954,543)(352.572,704.212) (55.9472,744.377)
(2289,1631) (2269,1784)(1954,543) (2041,619)(352.572,704.212) (48.9182,724.711)
(2289,1631) (2269,1784)(2041,619) (2085,670)(352.572,704.212) (40.857,704.883)
(2289,1631) (2269,1784)(2085,670) (2119,725)(352.572,704.212) (31.7629,676.625)
(2289,1631) (2269,1784)(2141,752) (2173,819)(352.572,704.212) (25.56,662.724)
(2289,1631) (2269,1784)(2181,826) (2225,939)(352.572,704.212) (21.3636,655.998)
(2289,1631) (2269,1784)(2253,1051) (2268,1141)(352.572,704.212) (9.52112,640.992)
(2289,1631) (2269,1784)(2225,938) (2172,817)(352.572,704.212) (23.6793,657.926)
(2289,1631) (2269,1784)(2068,648) (1999,580)(352.572,704.212) (45.509,716.296)
(2289,1631) (2269,1784)(1999,580) (1922,518)(352.572,704.212) (51.2178,731.773)
(2289,1631) (2269,1784)(1922,518) (1819,459)(352.572,704.212) (60.2176,756.757)
(2253,1864) (2222,1957)(1556,1229) (1504,1266)(341.565,791.518) (53.9726,39.9874)
(2253,1864) (2222,1957)(1362,1463) (1399,1413)(341.565,791.518) (36.4164,74.8698)
(2253,1864) (2222,1957)(1765,538) (1743,475)(341.565,791.518) (19.2593,351.727)
(2253,1864) (2222,1957)(1805,453) (1864,482)(341.565,791.518) (63.9018,768.247)
(2253,1864) (2222,1957)(1864,482) (1954,543)(341.565,791.518) (55.9472,744.377)
(2253,1864) (2222,1957)(1954,543) (2041,619)(341.565,791.518) (48.9182,724.711)
(2253,1864) (2222,1957)(2041,619) (2085,670)(341.565,791.518) (40.857,704.883)
(2253,1864) (2222,1957)(2085,670) (2119,725)(341.565,791.518) (31.7629,676.625)
(2253,1864) (2222,1957)(2141,752) (2173,819)(341.565,791.518) (25.56,662.724)
(2253,1864) (2222,1957)(2181,826) (2225,939)(341.565,791.518) (21.3636,655.998)
(2253,1864) (2222,1957)(2253,1051) (2268,1141)(341.565,791.518) (9.52112,640.992)
(2253,1864) (2222,1957)(2268,1141) (2266,1208)(341.565,791.518) (358.369,633.24)
(2253,1864) (2222,1957)(2270,1223) (2280,1429)(341.565,791.518) (2.79051,637.298)
(2253,1864) (2222,1957)(2290,1619) (2284,1431)(341.565,791.518) (1.86768,645.065)
(2253,1864) (2222,1957)(2280,1428) (2254,1022)(341.565,791.518) (3.71177,633.638)
(2253,1864) (2222,1957)(2225,938) (2172,817)(341.565,791.518) (23.6793,657.926)
(2253,1864) (2222,1957)(2068,648) (1999,580)(341.565,791.518) (45.509,716.296)
(2253,1864) (2222,1957)(1999,580) (1922,518)(341.565,791.518) (51.2178,731.773)
(2253,1864) (2222,1957)(1922,518) (1819,459)(341.565,791.518) (60.2176,756.757)
(2208,1987) (2163,2037)(1779,595) (1773,657)(318.026,938.558) (354.623,85.7285)
(2208,1987) (2163,2037)(1779,740) (1764,825)(318.026,938.558) (350.38,60.6511)
(2208,1987) (2163,2037)(1747,877) (1700,1040)(318.026,938.558) (347.005,14.3598)
(2208,1987) (2163,2037)(1331,1527) (1362,1463)(318.026,938.558) (26.0124,138.808)
(2208,1987) (2163,2037)(1700,1041) (1784,700)(318.026,938.558) (346.608,22.2555)
(2208,1987) (2163,2037)(1773,662) (1779,594)(318.026,938.558) (354.92,91.058)
(2208,1987) (2163,2037)(1765,538) (1743,475)(318.026,938.558) (19.2593,351.727)
(2208,1987) (2163,2037)(1805,453) (1864,482)(318.026,938.558) (63.9018,768.247)
(2208,1987) (2163,2037)(1864,482) (1954,543)(318.026,938.558) (55.9472,744.377)
(2208,1987) (2163,2037)(1954,543) (2041,619)(318.026,938.558) (48.9182,724.711)
(2208,1987) (2163,2037)(2041,619) (2085,670)(318.026,938.558) (40.857,704.883)
(2208,1987) (2163,2037)(2085,670) (2119,725)(318.026,938.558) (31.7629,676.625)
(2208,1987) (2163,2037)(2141,752) (2173,819)(318.026,938.558) (25.56,662.724)
(2208,1987) (2163,2037)(2181,826) (2225,939)(318.026,938.558) (21.3636,655.998)
(2208,1987) (2163,2037)(2253,1051) (2268,1141)(318.026,938.558) (9.52112,640.992)
(2208,1987) (2163,2037)(2270,1223) (2280,1429)(318.026,938.558) (2.79051,637.298)
(2208,1987) (2163,2037)(2253,1864) (2222,1957)(318.026,938.558) (341.565,791.518)
(2208,1987) (2163,2037)(2169,2177) (2162,2039)(318.026,938.558) (2.93868,488.032)
(2208,1987) (2163,2037)(2207,1989) (2246,1889)(318.026,938.558) (338.735,813.661)
(2208,1987) (2163,2037)(2290,1619) (2284,1431)(318.026,938.558) (1.86768,645.065)
(2208,1987) (2163,2037)(2280,1428) (2254,1022)(318.026,938.558) (3.71177,633.638)
(2208,1987) (2163,2037)(2225,938) (2172,817)(318.026,938.558) (23.6793,657.926)
(2208,1987) (2163,2037)(2068,648) (1999,580)(318.026,938.558) (45.509,716.296)
(2208,1987) (2163,2037)(1999,580) (1922,518)(318.026,938.558) (51.2178,731.773)
(2208,1987) (2163,2037)(1922,518) (1819,459)(318.026,938.558) (60.2176,756.757)
(1590,2226) (1549,2175)(1691,1850) (1664,1740)(321.272,660.544) (346.866,91.9259)
(1590,2226) (1549,2175)(1763,533) (1779,595)(321.272,660.544) (14.5002,299.51)
(1590,2226) (1549,2175)(1779,740) (1764,825)(321.272,660.544) (350.38,60.6511)
(1590,2226) (1549,2175)(1747,877) (1700,1040)(321.272,660.544) (347.005,14.3598)
(1590,2226) (1549,2175)(1678,1068) (1641,1138)(321.272,660.544) (28.8866,32.2316)
(1590,2226) (1549,2175)(1556,1229) (1504,1266)(321.272,660.544) (53.9726,39.9874)
(1590,2226) (1549,2175)(1331,1527) (1362,1463)(321.272,660.544) (26.0124,138.808)
(1590,2226) (1549,2175)(1362,1463) (1399,1413)(321.272,660.544) (36.4164,74.8698)
(1590,2226) (1549,2175)(1640,1140) (1677,1070)(321.272,660.544) (28.8866,32.1811)
(1590,2226) (1549,2175)(1700,1041) (1784,700)(321.272,660.544) (346.608,22.2555)
(1590,2226) (1549,2175)(1765,538) (1743,475)(321.272,660.544) (19.2593,351.727)
(1590,2226) (1549,2175)(1805,453) (1864,482)(321.272,660.544) (63.9018,768.247)
(1590,2226) (1549,2175)(1864,482) (1954,543)(321.272,660.544) (55.9472,744.377)
(1590,2226) (1549,2175)(2181,826) (2225,939)(321.272,660.544) (21.3636,655.998)
(1590,2226) (1549,2175)(2253,1051) (2268,1141)(321.272,660.544) (9.52112,640.992)
(1590,2226) (1549,2175)(2270,1223) (2280,1429)(321.272,660.544) (2.79051,637.298)
(1590,2226) (1549,2175)(1565,2139) (1587,2225)(321.272,660.544) (345.726,291.677)
(1590,2226) (1549,2175)(1598,2228) (1741,2194)(321.272,660.544) (283.376,968.906)
(1590,2226) (1549,2175)(2169,2177) (2162,2039)(321.272,660.544) (2.93868,488.032)
(1590,2226) (1549,2175)(2290,1619) (2284,1431)(321.272,660.544) (1.86768,645.065)
(1590,2226) (1549,2175)(2280,1428) (2254,1022)(321.272,660.544) (3.71177,633.638)
(1590,2226) (1549,2175)(2225,938) (2172,817)(321.272,660.544) (23.6793,657.926)
(1590,2226) (1549,2175)(1922,518) (1819,459)(321.272,660.544) (60.2176,756.757)
(1565,2139) (1587,2225)(1779,740) (1764,825)(345.726,291.677) (350.38,60.6511)
(1565,2139) (1587,2225)(1747,877) (1700,1040)(345.726,291.677) (347.005,14.3598)
(1565,2139) (1587,2225)(1678,1068) (1641,1138)(345.726,291.677) (28.8866,32.2316)
(1565,2139) (1587,2225)(1556,1229) (1504,1266)(345.726,291.677) (53.9726,39.9874)
(1565,2139) (1587,2225)(1331,1527) (1362,1463)(345.726,291.677) (26.0124,138.808)
(1565,2139) (1587,2225)(1362,1463) (1399,1413)(345.726,291.677) (36.4164,74.8698)
(1565,2139) (1587,2225)(1640,1140) (1677,1070)(345.726,291.677) (28.8866,32.1811)
(1565,2139) (1587,2225)(1700,1041) (1784,700)(345.726,291.677) (346.608,22.2555)
(1565,2139) (1587,2225)(1805,453) (1864,482)(345.726,291.677) (63.9018,768.247)
(1565,2139) (1587,2225)(1864,482) (1954,543)(345.726,291.677) (55.9472,744.377)
(1565,2139) (1587,2225)(1954,543) (2041,619)(345.726,291.677) (48.9182,724.711)
(1565,2139) (1587,2225)(2041,619) (2085,670)(345.726,291.677) (40.857,704.883)
(1565,2139) (1587,2225)(2085,670) (2119,725)(345.726,291.677) (31.7629,676.625)
(1565,2139) (1587,2225)(1590,2226) (1549,2175)(345.726,291.677) (321.272,660.544)
(1565,2139) (1587,2225)(2068,648) (1999,580)(345.726,291.677) (45.509,716.296)
(1565,2139) (1587,2225)(1999,580) (1922,518)(345.726,291.677) (51.2178,731.773)
(1565,2139) (1587,2225)(1922,518) (1819,459)(345.726,291.677) (60.2176,756.757)
(1598,2228) (1741,2194)(1691,1850) (1664,1740)(283.376,968.906) (346.866,91.9259)
(1598,2228) (1741,2194)(1763,533) (1779,595)(283.376,968.906) (14.5002,299.51)
(1598,2228) (1741,2194)(1779,595) (1773,657)(283.376,968.906) (354.623,85.7285)
(1598,2228) (1741,2194)(1779,740) (1764,825)(283.376,968.906) (350.38,60.6511)
(1598,2228) (1741,2194)(1747,877) (1700,1040)(283.376,968.906) (347.005,14.3598)
(1598,2228) (1741,2194)(1678,1068) (1641,1138)(283.376,968.906) (28.8866,32.2316)
(1598,2228) (1741,2194)(1556,1229) (1504,1266)(283.376,968.906) (53.9726,39.9874)
(1598,2228) (1741,2194)(1331,1527) (1362,1463)(283.376,968.906) (26.0124,138.808)
(1598,2228) (1741,2194)(1362,1463) (1399,1413)(283.376,968.906) (36.4164,74.8698)
(1598,2228) (1741,2194)(1640,1140) (1677,1070)(283.376,968.906) (28.8866,32.1811)
(1598,2228) (1741,2194)(1700,1041) (1784,700)(283.376,968.906) (346.608,22.2555)
(1598,2228) (1741,2194)(1773,662) (1779,594)(283.376,968.906) (354.92,91.058)
(1598,2228) (1741,2194)(1765,538) (1743,475)(283.376,968.906) (19.2593,351.727)
(1598,2228) (1741,2194)(1805,453) (1864,482)(283.376,968.906) (63.9018,768.247)
(1598,2228) (1741,2194)(1864,482) (1954,543)(283.376,968.906) (55.9472,744.377)
(1598,2228) (1741,2194)(1954,543) (2041,619)(283.376,968.906) (48.9182,724.711)
(1598,2228) (1741,2194)(2041,619) (2085,670)(283.376,968.906) (40.857,704.883)
(1598,2228) (1741,2194)(2085,670) (2119,725)(283.376,968.906) (31.7629,676.625)
(1598,2228) (1741,2194)(2141,752) (2173,819)(283.376,968.906) (25.56,662.724)
(1598,2228) (1741,2194)(2181,826) (2225,939)(283.376,968.906) (21.3636,655.998)
(1598,2228) (1741,2194)(2253,1051) (2268,1141)(283.376,968.906) (9.52112,640.992)
(1598,2228) (1741,2194)(2270,1223) (2280,1429)(283.376,968.906) (2.79051,637.298)
(1598,2228) (1741,2194)(1590,2226) (1549,2175)(283.376,968.906) (321.272,660.544)
(1598,2228) (1741,2194)(2169,2177) (2162,2039)(283.376,968.906) (2.93868,488.032)
(1598,2228) (1741,2194)(2290,1619) (2284,1431)(283.376,968.906) (1.86768,645.065)
(1598,2228) (1741,2194)(2280,1428) (2254,1022)(283.376,968.906) (3.71177,633.638)
(1598,2228) (1741,2194)(2225,938) (2172,817)(283.376,968.906) (23.6793,657.926)
(1598,2228) (1741,2194)(2068,648) (1999,580)(283.376,968.906) (45.509,716.296)
(1598,2228) (1741,2194)(1999,580) (1922,518)(283.376,968.906) (51.2178,731.773)
(1598,2228) (1741,2194)(1922,518) (1819,459)(283.376,968.906) (60.2176,756.757)
(1947,2277) (2020,2266)(1763,533) (1779,595)(278.562,1088.18) (14.5002,299.51)
(1947,2277) (2020,2266)(1779,595) (1773,657)(278.562,1088.18) (354.623,85.7285)
(1947,2277) (2020,2266)(1779,740) (1764,825)(278.562,1088.18) (350.38,60.6511)
(1947,2277) (2020,2266)(1747,877) (1700,1040)(278.562,1088.18) (347.005,14.3598)
(1947,2277) (2020,2266)(1678,1068) (1641,1138)(278.562,1088.18) (28.8866,32.2316)
(1947,2277) (2020,2266)(1556,1229) (1504,1266)(278.562,1088.18) (53.9726,39.9874)
(1947,2277) (2020,2266)(1331,1527) (1362,1463)(278.562,1088.18) (26.0124,138.808)
(1947,2277) (2020,2266)(1362,1463) (1399,1413)(278.562,1088.18) (36.4164,74.8698)
(1947,2277) (2020,2266)(1640,1140) (1677,1070)(278.562,1088.18) (28.8866,32.1811)
(1947,2277) (2020,2266)(1700,1041) (1784,700)(278.562,1088.18) (346.608,22.2555)
(1947,2277) (2020,2266)(1773,662) (1779,594)(278.562,1088.18) (354.92,91.058)
(1947,2277) (2020,2266)(1765,538) (1743,475)(278.562,1088.18) (19.2593,351.727)
(1947,2277) (2020,2266)(1805,453) (1864,482)(278.562,1088.18) (63.9018,768.247)
(1947,2277) (2020,2266)(1864,482) (1954,543)(278.562,1088.18) (55.9472,744.377)
(1947,2277) (2020,2266)(1954,543) (2041,619)(278.562,1088.18) (48.9182,724.711)
(1947,2277) (2020,2266)(2041,619) (2085,670)(278.562,1088.18) (40.857,704.883)
(1947,2277) (2020,2266)(2085,670) (2119,725)(278.562,1088.18) (31.7629,676.625)
(1947,2277) (2020,2266)(2141,752) (2173,819)(278.562,1088.18) (25.56,662.724)
(1947,2277) (2020,2266)(2181,826) (2225,939)(278.562,1088.18) (21.3636,655.998)
(1947,2277) (2020,2266)(2253,1051) (2268,1141)(278.562,1088.18) (9.52112,640.992)
(1947,2277) (2020,2266)(2270,1223) (2280,1429)(278.562,1088.18) (2.79051,637.298)
(1947,2277) (2020,2266)(2208,1987) (2163,2037)(278.562,1088.18) (318.026,938.558)
(1947,2277) (2020,2266)(2169,2177) (2162,2039)(278.562,1088.18) (2.93868,488.032)
(1947,2277) (2020,2266)(2162,2039) (2207,1989)(278.562,1088.18) (318.022,939.152)
(1947,2277) (2020,2266)(2290,1619) (2284,1431)(278.562,1088.18) (1.86768,645.065)
(1947,2277) (2020,2266)(2280,1428) (2254,1022)(278.562,1088.18) (3.71177,633.638)
(1947,2277) (2020,2266)(2225,938) (2172,817)(278.562,1088.18) (23.6793,657.926)
(1947,2277) (2020,2266)(2068,648) (1999,580)(278.562,1088.18) (45.509,716.296)
(1947,2277) (2020,2266)(1999,580) (1922,518)(278.562,1088.18) (51.2178,731.773)
(1947,2277) (2020,2266)(1922,518) (1819,459)(278.562,1088.18) (60.2176,756.757)
(2137,2252) (2174,2198)(1763,533) (1779,595)(325.592,997.649) (14.5002,299.51)
(2137,2252) (2174,2198)(1779,595) (1773,657)(325.592,997.649) (354.623,85.7285)
(2137,2252) (2174,2198)(1779,740) (1764,825)(325.592,997.649) (350.38,60.6511)
(2137,2252) (2174,2198)(1747,877) (1700,1040)(325.592,997.649) (347.005,14.3598)
(2137,2252) (2174,2198)(1556,1229) (1504,1266)(325.592,997.649) (53.9726,39.9874)
(2137,2252) (2174,2198)(1700,1041) (1784,700)(325.592,997.649) (346.608,22.2555)
(2137,2252) (2174,2198)(1773,662) (1779,594)(325.592,997.649) (354.92,91.058)
(2137,2252) (2174,2198)(1765,538) (1743,475)(325.592,997.649) (19.2593,351.727)
(2137,2252) (2174,2198)(1805,453) (1864,482)(325.592,997.649) (63.9018,768.247)
(2137,2252) (2174,2198)(1864,482) (1954,543)(325.592,997.649) (55.9472,744.377)
(2137,2252) (2174,2198)(1954,543) (2041,619)(325.592,997.649) (48.9182,724.711)
(2137,2252) (2174,2198)(2041,619) (2085,670)(325.592,997.649) (40.857,704.883)
(2137,2252) (2174,2198)(2085,670) (2119,725)(325.592,997.649) (31.7629,676.625)
(2137,2252) (2174,2198)(2141,752) (2173,819)(325.592,997.649) (25.56,662.724)
(2137,2252) (2174,2198)(2181,826) (2225,939)(325.592,997.649) (21.3636,655.998)
(2137,2252) (2174,2198)(2253,1051) (2268,1141)(325.592,997.649) (9.52112,640.992)
(2137,2252) (2174,2198)(2270,1223) (2280,1429)(325.592,997.649) (2.79051,637.298)
(2137,2252) (2174,2198)(2253,1864) (2222,1957)(325.592,997.649) (341.565,791.518)
(2137,2252) (2174,2198)(1598,2228) (1741,2194)(325.592,997.649) (283.376,968.906)
(2137,2252) (2174,2198)(1947,2277) (2020,2266)(325.592,997.649) (278.562,1088.18)
(2137,2252) (2174,2198)(2169,2177) (2162,2039)(325.592,997.649) (2.93868,488.032)
(2137,2252) (2174,2198)(2246,1889) (2269,1785)(325.592,997.649) (347.555,743.112)
(2137,2252) (2174,2198)(2290,1619) (2284,1431)(325.592,997.649) (1.86768,645.065)
(2137,2252) (2174,2198)(2280,1428) (2254,1022)(325.592,997.649) (3.71177,633.638)
(2137,2252) (2174,2198)(2225,938) (2172,817)(325.592,997.649) (23.6793,657.926)
(2137,2252) (2174,2198)(2068,648) (1999,580)(325.592,997.649) (45.509,716.296)
(2137,2252) (2174,2198)(1999,580) (1922,518)(325.592,997.649) (51.2178,731.773)
(2137,2252) (2174,2198)(1922,518) (1819,459)(325.592,997.649) (60.2176,756.757)
(2169,2177) (2162,2039)(1747,877) (1700,1040)(2.93868,488.032) (347.005,14.3598)
(2169,2177) (2162,2039)(1678,1068) (1641,1138)(2.93868,488.032) (28.8866,32.2316)
(2169,2177) (2162,2039)(1556,1229) (1504,1266)(2.93868,488.032) (53.9726,39.9874)
(2169,2177) (2162,2039)(1331,1527) (1362,1463)(2.93868,488.032) (26.0124,138.808)
(2169,2177) (2162,2039)(1362,1463) (1399,1413)(2.93868,488.032) (36.4164,74.8698)
(2169,2177) (2162,2039)(1640,1140) (1677,1070)(2.93868,488.032) (28.8866,32.1811)
(2169,2177) (2162,2039)(1700,1041) (1784,700)(2.93868,488.032) (346.608,22.2555)
(2169,2177) (2162,2039)(1765,538) (1743,475)(2.93868,488.032) (19.2593,351.727)
(2169,2177) (2162,2039)(1805,453) (1864,482)(2.93868,488.032) (63.9018,768.247)
(2169,2177) (2162,2039)(1864,482) (1954,543)(2.93868,488.032) (55.9472,744.377)
(2169,2177) (2162,2039)(1954,543) (2041,619)(2.93868,488.032) (48.9182,724.711)
(2169,2177) (2162,2039)(2041,619) (2085,670)(2.93868,488.032) (40.857,704.883)
(2169,2177) (2162,2039)(2085,670) (2119,725)(2.93868,488.032) (31.7629,676.625)
(2169,2177) (2162,2039)(2141,752) (2173,819)(2.93868,488.032) (25.56,662.724)
(2169,2177) (2162,2039)(2181,826) (2225,939)(2.93868,488.032) (21.3636,655.998)
(2169,2177) (2162,2039)(2253,1864) (2222,1957)(2.93868,488.032) (341.565,791.518)
(2169,2177) (2162,2039)(2208,1987) (2163,2037)(2.93868,488.032) (318.026,938.558)
(2169,2177) (2162,2039)(1598,2228) (1741,2194)(2.93868,488.032) (283.376,968.906)
(2169,2177) (2162,2039)(2162,2039) (2207,1989)(2.93868,488.032) (318.022,939.152)
(2169,2177) (2162,2039)(2207,1989) (2246,1889)(2.93868,488.032) (338.735,813.661)
(2169,2177) (2162,2039)(2225,938) (2172,817)(2.93868,488.032) (23.6793,657.926)
(2169,2177) (2162,2039)(2068,648) (1999,580)(2.93868,488.032) (45.509,716.296)
(2169,2177) (2162,2039)(1999,580) (1922,518)(2.93868,488.032) (51.2178,731.773)
(2169,2177) (2162,2039)(1922,518) (1819,459)(2.93868,488.032) (60.2176,756.757)
(2162,2039) (2207,1989)(1779,595) (1773,657)(318.022,939.152) (354.623,85.7285)
(2162,2039) (2207,1989)(1779,740) (1764,825)(318.022,939.152) (350.38,60.6511)
(2162,2039) (2207,1989)(1747,877) (1700,1040)(318.022,939.152) (347.005,14.3598)
(2162,2039) (2207,1989)(1331,1527) (1362,1463)(318.022,939.152) (26.0124,138.808)
(2162,2039) (2207,1989)(1700,1041) (1784,700)(318.022,939.152) (346.608,22.2555)
(2162,2039) (2207,1989)(1773,662) (1779,594)(318.022,939.152) (354.92,91.058)
(2162,2039) (2207,1989)(1765,538) (1743,475)(318.022,939.152) (19.2593,351.727)
(2162,2039) (2207,1989)(1805,453) (1864,482)(318.022,939.152) (63.9018,768.247)
(2162,2039) (2207,1989)(1864,482) (1954,543)(318.022,939.152) (55.9472,744.377)
(2162,2039) (2207,1989)(1954,543) (2041,619)(318.022,939.152) (48.9182,724.711)
(2162,2039) (2207,1989)(2041,619) (2085,670)(318.022,939.152) (40.857,704.883)
(2162,2039) (2207,1989)(2085,670) (2119,725)(318.022,939.152) (31.7629,676.625)
(2162,2039) (2207,1989)(2141,752) (2173,819)(318.022,939.152) (25.56,662.724)
(2162,2039) (2207,1989)(2181,826) (2225,939)(318.022,939.152) (21.3636,655.998)
(2162,2039) (2207,1989)(2253,1051) (2268,1141)(318.022,939.152) (9.52112,640.992)
(2162,2039) (2207,1989)(2270,1223) (2280,1429)(318.022,939.152) (2.79051,637.298)
(2162,2039) (2207,1989)(2253,1864) (2222,1957)(318.022,939.152) (341.565,791.518)
(2162,2039) (2207,1989)(2169,2177) (2162,2039)(318.022,939.152) (2.93868,488.032)
(2162,2039) (2207,1989)(2207,1989) (2246,1889)(318.022,939.152) (338.735,813.661)
(2162,2039) (2207,1989)(2290,1619) (2284,1431)(318.022,939.152) (1.86768,645.065)
(2162,2039) (2207,1989)(2280,1428) (2254,1022)(318.022,939.152) (3.71177,633.638)
(2162,2039) (2207,1989)(2225,938) (2172,817)(318.022,939.152) (23.6793,657.926)
(2162,2039) (2207,1989)(2068,648) (1999,580)(318.022,939.152) (45.509,716.296)
(2162,2039) (2207,1989)(1999,580) (1922,518)(318.022,939.152) (51.2178,731.773)
(2162,2039) (2207,1989)(1922,518) (1819,459)(318.022,939.152) (60.2176,756.757)
(2207,1989) (2246,1889)(1779,595) (1773,657)(338.735,813.661) (354.623,85.7285)
(2207,1989) (2246,1889)(1556,1229) (1504,1266)(338.735,813.661) (53.9726,39.9874)
(2207,1989) (2246,1889)(1362,1463) (1399,1413)(338.735,813.661) (36.4164,74.8698)
(2207,1989) (2246,1889)(1773,662) (1779,594)(338.735,813.661) (354.92,91.058)
(2207,1989) (2246,1889)(1765,538) (1743,475)(338.735,813.661) (19.2593,351.727)
(2207,1989) (2246,1889)(1805,453) (1864,482)(338.735,813.661) (63.9018,768.247)
(2207,1989) (2246,1889)(1864,482) (1954,543)(338.735,813.661) (55.9472,744.377)
(2207,1989) (2246,1889)(1954,543) (2041,619)(338.735,813.661) (48.9182,724.711)
(2207,1989) (2246,1889)(2041,619) (2085,670)(338.735,813.661) (40.857,704.883)
(2207,1989) (2246,1889)(2085,670) (2119,725)(338.735,813.661) (31.7629,676.625)
(2207,1989) (2246,1889)(2141,752) (2173,819)(338.735,813.661) (25.56,662.724)
(2207,1989) (2246,1889)(2181,826) (2225,939)(338.735,813.661) (21.3636,655.998)
(2207,1989) (2246,1889)(2253,1051) (2268,1141)(338.735,813.661) (9.52112,640.992)
(2207,1989) (2246,1889)(2268,1141) (2266,1208)(338.735,813.661) (358.369,633.24)
(2207,1989) (2246,1889)(2270,1223) (2280,1429)(338.735,813.661) (2.79051,637.298)
(2207,1989) (2246,1889)(2208,1987) (2163,2037)(338.735,813.661) (318.026,938.558)
(2207,1989) (2246,1889)(2162,2039) (2207,1989)(338.735,813.661) (318.022,939.152)
(2207,1989) (2246,1889)(2290,1619) (2284,1431)(338.735,813.661) (1.86768,645.065)
(2207,1989) (2246,1889)(2280,1428) (2254,1022)(338.735,813.661) (3.71177,633.638)
(2207,1989) (2246,1889)(2225,938) (2172,817)(338.735,813.661) (23.6793,657.926)
(2207,1989) (2246,1889)(2068,648) (1999,580)(338.735,813.661) (45.509,716.296)
(2207,1989) (2246,1889)(1999,580) (1922,518)(338.735,813.661) (51.2178,731.773)
(2207,1989) (2246,1889)(1922,518) (1819,459)(338.735,813.661) (60.2176,756.757)
(2246,1889) (2269,1785)(1678,1068) (1641,1138)(347.555,743.112) (28.8866,32.2316)
(2246,1889) (2269,1785)(1556,1229) (1504,1266)(347.555,743.112) (53.9726,39.9874)
(2246,1889) (2269,1785)(1362,1463) (1399,1413)(347.555,743.112) (36.4164,74.8698)
(2246,1889) (2269,1785)(1640,1140) (1677,1070)(347.555,743.112) (28.8866,32.1811)
(2246,1889) (2269,1785)(1805,453) (1864,482)(347.555,743.112) (63.9018,768.247)
(2246,1889) (2269,1785)(1864,482) (1954,543)(347.555,743.112) (55.9472,744.377)
(2246,1889) (2269,1785)(1954,543) (2041,619)(347.555,743.112) (48.9182,724.711)
(2246,1889) (2269,1785)(2041,619) (2085,670)(347.555,743.112) (40.857,704.883)
(2246,1889) (2269,1785)(2085,670) (2119,725)(347.555,743.112) (31.7629,676.625)
(2246,1889) (2269,1785)(2141,752) (2173,819)(347.555,743.112) (25.56,662.724)
(2246,1889) (2269,1785)(2181,826) (2225,939)(347.555,743.112) (21.3636,655.998)
(2246,1889) (2269,1785)(2253,1051) (2268,1141)(347.555,743.112) (9.52112,640.992)
(2246,1889) (2269,1785)(2270,1223) (2280,1429)(347.555,743.112) (2.79051,637.298)
(2246,1889) (2269,1785)(2280,1428) (2254,1022)(347.555,743.112) (3.71177,633.638)
(2246,1889) (2269,1785)(2225,938) (2172,817)(347.555,743.112) (23.6793,657.926)
(2246,1889) (2269,1785)(2068,648) (1999,580)(347.555,743.112) (45.509,716.296)
(2246,1889) (2269,1785)(1999,580) (1922,518)(347.555,743.112) (51.2178,731.773)
(2246,1889) (2269,1785)(1922,518) (1819,459)(347.555,743.112) (60.2176,756.757)
(2278,1730) (2290,1619)(1678,1068) (1641,1138)(353.896,696.644) (28.8866,32.2316)
(2278,1730) (2290,1619)(1556,1229) (1504,1266)(353.896,696.644) (53.9726,39.9874)
(2278,1730) (2290,1619)(1331,1527) (1362,1463)(353.896,696.644) (26.0124,138.808)
(2278,1730) (2290,1619)(1362,1463) (1399,1413)(353.896,696.644) (36.4164,74.8698)
(2278,1730) (2290,1619)(1640,1140) (1677,1070)(353.896,696.644) (28.8866,32.1811)
(2278,1730) (2290,1619)(1805,453) (1864,482)(353.896,696.644) (63.9018,768.247)
(2278,1730) (2290,1619)(1864,482) (1954,543)(353.896,696.644) (55.9472,744.377)
(2278,1730) (2290,1619)(1954,543) (2041,619)(353.896,696.644) (48.9182,724.711)
(2278,1730) (2290,1619)(2041,619) (2085,670)(353.896,696.644) (40.857,704.883)
(2278,1730) (2290,1619)(2085,670) (2119,725)(353.896,696.644) (31.7629,676.625)
(2278,1730) (2290,1619)(2141,752) (2173,819)(353.896,696.644) (25.56,662.724)
(2278,1730) (2290,1619)(2181,826) (2225,939)(353.896,696.644) (21.3636,655.998)
(2278,1730) (2290,1619)(2253,1051) (2268,1141)(353.896,696.644) (9.52112,640.992)
(2278,1730) (2290,1619)(2225,938) (2172,817)(353.896,696.644) (23.6793,657.926)
(2278,1730) (2290,1619)(2068,648) (1999,580)(353.896,696.644) (45.509,716.296)
(2278,1730) (2290,1619)(1999,580) (1922,518)(353.896,696.644) (51.2178,731.773)
(2278,1730) (2290,1619)(1922,518) (1819,459)(353.896,696.644) (60.2176,756.757)
(2290,1619) (2284,1431)(1747,877) (1700,1040)(1.86768,645.065) (347.005,14.3598)
(2290,1619) (2284,1431)(1678,1068) (1641,1138)(1.86768,645.065) (28.8866,32.2316)
(2290,1619) (2284,1431)(1556,1229) (1504,1266)(1.86768,645.065) (53.9726,39.9874)
(2290,1619) (2284,1431)(1331,1527) (1362,1463)(1.86768,645.065) (26.0124,138.808)
(2290,1619) (2284,1431)(1362,1463) (1399,1413)(1.86768,645.065) (36.4164,74.8698)
(2290,1619) (2284,1431)(1640,1140) (1677,1070)(1.86768,645.065) (28.8866,32.1811)
(2290,1619) (2284,1431)(1700,1041) (1784,700)(1.86768,645.065) (346.608,22.2555)
(2290,1619) (2284,1431)(1805,453) (1864,482)(1.86768,645.065) (63.9018,768.247)
(2290,1619) (2284,1431)(1864,482) (1954,543)(1.86768,645.065) (55.9472,744.377)
(2290,1619) (2284,1431)(1954,543) (2041,619)(1.86768,645.065) (48.9182,724.711)
(2290,1619) (2284,1431)(2041,619) (2085,670)(1.86768,645.065) (40.857,704.883)
(2290,1619) (2284,1431)(2085,670) (2119,725)(1.86768,645.065) (31.7629,676.625)
(2290,1619) (2284,1431)(2141,752) (2173,819)(1.86768,645.065) (25.56,662.724)
(2290,1619) (2284,1431)(2181,826) (2225,939)(1.86768,645.065) (21.3636,655.998)
(2290,1619) (2284,1431)(2225,938) (2172,817)(1.86768,645.065) (23.6793,657.926)
(2290,1619) (2284,1431)(2068,648) (1999,580)(1.86768,645.065) (45.509,716.296)
(2290,1619) (2284,1431)(1999,580) (1922,518)(1.86768,645.065) (51.2178,731.773)
(2290,1619) (2284,1431)(1922,518) (1819,459)(1.86768,645.065) (60.2176,756.757)
(2280,1428) (2254,1022)(1747,877) (1700,1040)(3.71177,633.638) (347.005,14.3598)
(2280,1428) (2254,1022)(1678,1068) (1641,1138)(3.71177,633.638) (28.8866,32.2316)
(2280,1428) (2254,1022)(1556,1229) (1504,1266)(3.71177,633.638) (53.9726,39.9874)
(2280,1428) (2254,1022)(1331,1527) (1362,1463)(3.71177,633.638) (26.0124,138.808)
(2280,1428) (2254,1022)(1362,1463) (1399,1413)(3.71177,633.638) (36.4164,74.8698)
(2280,1428) (2254,1022)(1640,1140) (1677,1070)(3.71177,633.638) (28.8866,32.1811)
(2280,1428) (2254,1022)(1700,1041) (1784,700)(3.71177,633.638) (346.608,22.2555)
(2280,1428) (2254,1022)(1805,453) (1864,482)(3.71177,633.638) (63.9018,768.247)
(2280,1428) (2254,1022)(1864,482) (1954,543)(3.71177,633.638) (55.9472,744.377)
(2280,1428) (2254,1022)(1954,543) (2041,619)(3.71177,633.638) (48.9182,724.711)
(2280,1428) (2254,1022)(2041,619) (2085,670)(3.71177,633.638) (40.857,704.883)
(2280,1428) (2254,1022)(2085,670) (2119,725)(3.71177,633.638) (31.7629,676.625)
(2280,1428) (2254,1022)(2141,752) (2173,819)(3.71177,633.638) (25.56,662.724)
(2280,1428) (2254,1022)(2181,826) (2225,939)(3.71177,633.638) (21.3636,655.998)
(2280,1428) (2254,1022)(2225,938) (2172,817)(3.71177,633.638) (23.6793,657.926)
(2280,1428) (2254,1022)(2068,648) (1999,580)(3.71177,633.638) (45.509,716.296)
(2280,1428) (2254,1022)(1999,580) (1922,518)(3.71177,633.638) (51.2178,731.773)
(2280,1428) (2254,1022)(1922,518) (1819,459)(3.71177,633.638) (60.2176,756.757)
(2225,938) (2172,817)(1779,595) (1773,657)(23.6793,657.926) (354.623,85.7285)
(2225,938) (2172,817)(1779,740) (1764,825)(23.6793,657.926) (350.38,60.6511)
(2225,938) (2172,817)(1747,877) (1700,1040)(23.6793,657.926) (347.005,14.3598)
(2225,938) (2172,817)(1678,1068) (1641,1138)(23.6793,657.926) (28.8866,32.2316)
(2225,938) (2172,817)(1556,1229) (1504,1266)(23.6793,657.926) (53.9726,39.9874)
(2225,938) (2172,817)(1331,1527) (1362,1463)(23.6793,657.926) (26.0124,138.808)
(2225,938) (2172,817)(1362,1463) (1399,1413)(23.6793,657.926) (36.4164,74.8698)
(2225,938) (2172,817)(1640,1140) (1677,1070)(23.6793,657.926) (28.8866,32.1811)
(2225,938) (2172,817)(1700,1041) (1784,700)(23.6793,657.926) (346.608,22.2555)
(2225,938) (2172,817)(1773,662) (1779,594)(23.6793,657.926) (354.92,91.058)
(2225,938) (2172,817)(1805,453) (1864,482)(23.6793,657.926) (63.9018,768.247)
(2225,938) (2172,817)(1864,482) (1954,543)(23.6793,657.926) (55.9472,744.377)
(2225,938) (2172,817)(1954,543) (2041,619)(23.6793,657.926) (48.9182,724.711)
(2225,938) (2172,817)(2041,619) (2085,670)(23.6793,657.926) (40.857,704.883)
(2225,938) (2172,817)(2270,1223) (2280,1429)(23.6793,657.926) (2.79051,637.298)
(2225,938) (2172,817)(2290,1619) (2284,1431)(23.6793,657.926) (1.86768,645.065)
(2225,938) (2172,817)(2280,1428) (2254,1022)(23.6793,657.926) (3.71177,633.638)
(2225,938) (2172,817)(2068,648) (1999,580)(23.6793,657.926) (45.509,716.296)
(2225,938) (2172,817)(1999,580) (1922,518)(23.6793,657.926) (51.2178,731.773)
(2225,938) (2172,817)(1922,518) (1819,459)(23.6793,657.926) (60.2176,756.757)
(2068,648) (1999,580)(1779,595) (1773,657)(45.509,716.296) (354.623,85.7285)
(2068,648) (1999,580)(1779,740) (1764,825)(45.509,716.296) (350.38,60.6511)
(2068,648) (1999,580)(1747,877) (1700,1040)(45.509,716.296) (347.005,14.3598)
(2068,648) (1999,580)(1678,1068) (1641,1138)(45.509,716.296) (28.8866,32.2316)
(2068,648) (1999,580)(1331,1527) (1362,1463)(45.509,716.296) (26.0124,138.808)
(2068,648) (1999,580)(1362,1463) (1399,1413)(45.509,716.296) (36.4164,74.8698)
(2068,648) (1999,580)(1640,1140) (1677,1070)(45.509,716.296) (28.8866,32.1811)
(2068,648) (1999,580)(1700,1041) (1784,700)(45.509,716.296) (346.608,22.2555)
(2068,648) (1999,580)(1773,662) (1779,594)(45.509,716.296) (354.92,91.058)
(2068,648) (1999,580)(1805,453) (1864,482)(45.509,716.296) (63.9018,768.247)
(2068,648) (1999,580)(2141,752) (2173,819)(45.509,716.296) (25.56,662.724)
(2068,648) (1999,580)(2181,826) (2225,939)(45.509,716.296) (21.3636,655.998)
(2068,648) (1999,580)(2253,1051) (2268,1141)(45.509,716.296) (9.52112,640.992)
(2068,648) (1999,580)(2270,1223) (2280,1429)(45.509,716.296) (2.79051,637.298)
(2068,648) (1999,580)(2169,2177) (2162,2039)(45.509,716.296) (2.93868,488.032)
(2068,648) (1999,580)(2290,1619) (2284,1431)(45.509,716.296) (1.86768,645.065)
(2068,648) (1999,580)(2280,1428) (2254,1022)(45.509,716.296) (3.71177,633.638)
(2068,648) (1999,580)(2225,938) (2172,817)(45.509,716.296) (23.6793,657.926)
(1999,580) (1922,518)(1779,595) (1773,657)(51.2178,731.773) (354.623,85.7285)
(1999,580) (1922,518)(1779,740) (1764,825)(51.2178,731.773) (350.38,60.6511)
(1999,580) (1922,518)(1747,877) (1700,1040)(51.2178,731.773) (347.005,14.3598)
(1999,580) (1922,518)(1678,1068) (1641,1138)(51.2178,731.773) (28.8866,32.2316)
(1999,580) (1922,518)(1331,1527) (1362,1463)(51.2178,731.773) (26.0124,138.808)
(1999,580) (1922,518)(1640,1140) (1677,1070)(51.2178,731.773) (28.8866,32.1811)
(1999,580) (1922,518)(1700,1041) (1784,700)(51.2178,731.773) (346.608,22.2555)
(1999,580) (1922,518)(1773,662) (1779,594)(51.2178,731.773) (354.92,91.058)
(1999,580) (1922,518)(2085,670) (2119,725)(51.2178,731.773) (31.7629,676.625)
(1999,580) (1922,518)(2141,752) (2173,819)(51.2178,731.773) (25.56,662.724)
(1999,580) (1922,518)(2181,826) (2225,939)(51.2178,731.773) (21.3636,655.998)
(1999,580) (1922,518)(2253,1051) (2268,1141)(51.2178,731.773) (9.52112,640.992)
(1999,580) (1922,518)(2270,1223) (2280,1429)(51.2178,731.773) (2.79051,637.298)
(1999,580) (1922,518)(2169,2177) (2162,2039)(51.2178,731.773) (2.93868,488.032)
(1999,580) (1922,518)(2290,1619) (2284,1431)(51.2178,731.773) (1.86768,645.065)
(1999,580) (1922,518)(2280,1428) (2254,1022)(51.2178,731.773) (3.71177,633.638)
(1999,580) (1922,518)(2225,938) (2172,817)(51.2178,731.773) (23.6793,657.926)
(1922,518) (1819,459)(1779,595) (1773,657)(60.2176,756.757) (354.623,85.7285)
(1922,518) (1819,459)(1779,740) (1764,825)(60.2176,756.757) (350.38,60.6511)
(1922,518) (1819,459)(1747,877) (1700,1040)(60.2176,756.757) (347.005,14.3598)
(1922,518) (1819,459)(1331,1527) (1362,1463)(60.2176,756.757) (26.0124,138.808)
(1922,518) (1819,459)(1700,1041) (1784,700)(60.2176,756.757) (346.608,22.2555)
(1922,518) (1819,459)(1773,662) (1779,594)(60.2176,756.757) (354.92,91.058)
(1922,518) (1819,459)(2041,619) (2085,670)(60.2176,756.757) (40.857,704.883)
(1922,518) (1819,459)(2085,670) (2119,725)(60.2176,756.757) (31.7629,676.625)
(1922,518) (1819,459)(2141,752) (2173,819)(60.2176,756.757) (25.56,662.724)
(1922,518) (1819,459)(2181,826) (2225,939)(60.2176,756.757) (21.3636,655.998)
(1922,518) (1819,459)(2253,1051) (2268,1141)(60.2176,756.757) (9.52112,640.992)
(1922,518) (1819,459)(2270,1223) (2280,1429)(60.2176,756.757) (2.79051,637.298)
(1922,518) (1819,459)(2169,2177) (2162,2039)(60.2176,756.757) (2.93868,488.032)
(1922,518) (1819,459)(2290,1619) (2284,1431)(60.2176,756.757) (1.86768,645.065)
(1922,518) (1819,459)(2280,1428) (2254,1022)(60.2176,756.757) (3.71177,633.638)
(1922,518) (1819,459)(2225,938) (2172,817)(60.2176,756.757) (23.6793,657.926)
